====================================================================================================
Debug
====================================================================================================
Controls ///////////////////////////////////////////////////////////////////////////////////////////
   nno:         4
   nel:         3
 ndofn:         3
  nmat:         1
  nsec:         1
nccdes:         2
   nnc:         2
   nsa:         5
theory:        TM


Materials //////////////////////////////////////////////////////////////////////////////////////////
  Id              E             nu            rho
   1     2.0000E+11         0.3000      7850.0000


SECTIONS ///////////////////////////////////////////////////////////////////////////////////////////
  Id  Area                                              Shear Area                                        Inertia
   1  1.00E-02  1.00E-02  1.00E-02  1.00E-02  1.00E-02  8.33E-03  8.33E-03  8.33E-03  8.33E-03  8.33E-03  8.33E-06  8.33E-06  8.33E-06  8.33E-06  8.33E-06


NODES //////////////////////////////////////////////////////////////////////////////////////////////
  Id    X         Y
   1    0.0000    0.0000
   2    0.0000    3.0000
   3    5.0000    5.0000
   4    5.0000    0.0000


BARS ///////////////////////////////////////////////////////////////////////////////////////////////
  id       Material        Section     Start Node       End Node
   1              1              1              1              2
   2              1              1              2              3
   3              1              1              3              4


Bounds /////////////////////////////////////////////////////////////////////////////////////////////
  Id   node     Dx     Dy     Rz                  Dx                  Dy                  Rz
   1      1      F      T      T              0.0000              0.0100              0.0200
   2      4      T      T      F              0.0300             -0.0400              0.0000


Loads //////////////////////////////////////////////////////////////////////////////////////////////
  Id   node        Fx        Fy        Mz
   1      2 150000.00-100000.00  50000.00

   2      3 350000.00      0.00      0.00



Stiffness Matrix ///////////////////////////////////////////////////////////////////////////////////
 Element ID:    1
     6.6667E+08     0.0000E+00     0.0000E+00    -6.6667E+08     0.0000E+00     0.0000E+00
     0.0000E+00     7.3818E+05     1.1073E+06     0.0000E+00    -7.3818E+05     1.1073E+06
     0.0000E+00     1.1073E+06     2.2165E+06     0.0000E+00    -1.1073E+06     1.1054E+06
    -6.6667E+08     0.0000E+00     0.0000E+00     6.6667E+08     0.0000E+00     0.0000E+00
     0.0000E+00    -7.3818E+05    -1.1073E+06     0.0000E+00     7.3818E+05    -1.1073E+06
     0.0000E+00     1.1073E+06     1.1054E+06     0.0000E+00    -1.1073E+06     2.2165E+06
 Element ID:    2
     3.7139E+08     0.0000E+00     0.0000E+00    -3.7139E+08     0.0000E+00     0.0000E+00
     0.0000E+00     1.2793E+05     3.4446E+05     0.0000E+00    -1.2793E+05     3.4446E+05
     0.0000E+00     3.4446E+05     1.2370E+06     0.0000E+00    -3.4446E+05     6.1799E+05
    -3.7139E+08     0.0000E+00     0.0000E+00     3.7139E+08     0.0000E+00     0.0000E+00
     0.0000E+00    -1.2793E+05    -3.4446E+05     0.0000E+00     1.2793E+05    -3.4446E+05
     0.0000E+00     3.4446E+05     6.1799E+05     0.0000E+00    -3.4446E+05     1.2370E+06
 Element ID:    3
     4.0000E+08     0.0000E+00     0.0000E+00    -4.0000E+08     0.0000E+00     0.0000E+00
     0.0000E+00     1.5980E+05     3.9950E+05     0.0000E+00    -1.5980E+05     3.9950E+05
     0.0000E+00     3.9950E+05     1.3321E+06     0.0000E+00    -3.9950E+05     6.6542E+05
    -4.0000E+08     0.0000E+00     0.0000E+00     4.0000E+08     0.0000E+00     0.0000E+00
     0.0000E+00    -1.5980E+05    -3.9950E+05     0.0000E+00     1.5980E+05    -3.9950E+05
     0.0000E+00     3.9950E+05     6.6542E+05     0.0000E+00    -3.9950E+05     1.3321E+06


Rotation Matrix ////////////////////////////////////////////////////////////////////////////////////
 Element ID:    1
    0.0000    1.0000    0.0000    0.0000    0.0000    0.0000
   -1.0000    0.0000    0.0000    0.0000    0.0000    0.0000
    0.0000    0.0000    1.0000    0.0000    0.0000    0.0000
    0.0000    0.0000    0.0000    0.0000    1.0000    0.0000
    0.0000    0.0000    0.0000   -1.0000    0.0000    0.0000
    0.0000    0.0000    0.0000    0.0000    0.0000    1.0000
 Element ID:    2
    0.9285    0.3714    0.0000    0.0000    0.0000    0.0000
   -0.3714    0.9285    0.0000    0.0000    0.0000    0.0000
    0.0000    0.0000    1.0000    0.0000    0.0000    0.0000
    0.0000    0.0000    0.0000    0.9285    0.3714    0.0000
    0.0000    0.0000    0.0000   -0.3714    0.9285    0.0000
    0.0000    0.0000    0.0000    0.0000    0.0000    1.0000
 Element ID:    3
    0.0000   -1.0000    0.0000    0.0000    0.0000    0.0000
    1.0000    0.0000    0.0000    0.0000    0.0000    0.0000
    0.0000    0.0000    1.0000    0.0000    0.0000    0.0000
    0.0000    0.0000    0.0000    0.0000   -1.0000    0.0000
    0.0000    0.0000    0.0000    1.0000    0.0000    0.0000
    0.0000    0.0000    0.0000    0.0000    0.0000    1.0000

Element Reactions //////////////////////////////////////////////////////////////////////////////////
 Element ID:    1
    -4.2516E+05    -3.2702E-09    -4.7580E+05     4.2516E+05     3.2702E-09     4.7580E+05

 Element ID:    2
    -5.5768E+04    -5.4331E+05    -4.2580E+05     5.5768E+04     5.4331E+05    -2.5000E+06

 Element ID:    3
     5.2516E+05     5.0000E+05     2.5000E+06    -5.2516E+05    -5.0000E+05     9.6626E-10


Element Efforts ////////////////////////////////////////////////////////////////////////////////////
 Element ID:    1
     4.2516E+05     3.2702E-09     4.7580E+05     4.2516E+05     3.2702E-09     4.7580E+05

 Element ID:    2
     5.5768E+04     5.4331E+05     4.2580E+05     5.5768E+04     5.4331E+05    -2.5000E+06

 Element ID:    3
    -5.2516E+05    -5.0000E+05    -2.5000E+06    -5.2516E+05    -5.0000E+05     9.3132E-10


Global Matrix ///////////////////////////////////////////////////////////////////////////////////////
  7.38E+05  0.00E+00 -1.11E+06 -7.38E+05  0.00E+00 -1.11E+06  0.00E+00  0.00E+00  0.00E+00  0.00E+00  0.00E+00  0.00E+00
  0.00E+00  6.67E+08  0.00E+00  0.00E+00 -6.67E+08  0.00E+00  0.00E+00  0.00E+00  0.00E+00  0.00E+00  0.00E+00  0.00E+00
 -1.11E+06  0.00E+00  2.22E+06  1.11E+06  0.00E+00  1.11E+06  0.00E+00  0.00E+00  0.00E+00  0.00E+00  0.00E+00  0.00E+00
 -7.38E+05  0.00E+00  1.11E+06  3.21E+08  1.28E+08  9.79E+05 -3.20E+08 -1.28E+08 -1.28E+05  0.00E+00  0.00E+00  0.00E+00
  0.00E+00 -6.67E+08  0.00E+00  1.28E+08  7.18E+08  3.20E+05 -1.28E+08 -5.13E+07  3.20E+05  0.00E+00  0.00E+00  0.00E+00
 -1.11E+06  0.00E+00  1.11E+06  9.79E+05  3.20E+05  3.45E+06  1.28E+05 -3.20E+05  6.18E+05  0.00E+00  0.00E+00  0.00E+00
  0.00E+00  0.00E+00  0.00E+00 -3.20E+08 -1.28E+08  1.28E+05  3.20E+08  1.28E+08  5.27E+05 -1.60E+05  0.00E+00  4.00E+05
  0.00E+00  0.00E+00  0.00E+00 -1.28E+08 -5.13E+07 -3.20E+05  1.28E+08  4.51E+08 -3.20E+05  0.00E+00 -4.00E+08  0.00E+00
  0.00E+00  0.00E+00  0.00E+00 -1.28E+05  3.20E+05  6.18E+05  5.27E+05 -3.20E+05  2.57E+06 -4.00E+05  0.00E+00  6.65E+05
  0.00E+00  0.00E+00  0.00E+00  0.00E+00  0.00E+00  0.00E+00 -1.60E+05  0.00E+00 -4.00E+05  1.60E+05  0.00E+00 -4.00E+05
  0.00E+00  0.00E+00  0.00E+00  0.00E+00  0.00E+00  0.00E+00  0.00E+00 -4.00E+08  0.00E+00  0.00E+00  4.00E+08  0.00E+00
  0.00E+00  0.00E+00  0.00E+00  0.00E+00  0.00E+00  0.00E+00  4.00E+05  0.00E+00  6.65E+05 -4.00E+05  0.00E+00  1.33E+06


Lad Vector /////////////////////////////////////////////////////////////////////////////////////////
  2.21E+04 -6.67E+06 -4.43E+04  1.28E+05  6.57E+06  2.79E+04  3.55E+05 -1.60E+07  1.20E+04 -4.79E+03  1.60E+07  1.20E+04


Displacements //////////////////////////////////////////////////////////////////////////////////////
   2.6230E+01   1.0000E-02   2.0000E-02   2.4886E+01   1.0638E-02   8.7644E-01   2.4907E+01  -4.1313E-02  -2.4745E+00   3.0000E-02  -4.0000E-02  -6.2245E+00


Reactions //////////////////////////////////////////////////////////////////////////////////////////
   0.0000E+00  -4.2516E+05  -4.7580E+05   0.0000E+00   0.0000E+00   0.0000E+00   0.0000E+00   0.0000E+00   0.0000E+00  -5.0000E+05   5.2516E+05   0.0000E+00


